 38890 40020 19608 56235 22644 53722 11586 54171
   775 29701 40087 20445 13294 56447 33577 40559
 55274 59315 37674 11486 47014 42902  9994 60963
 46748 64560 30946 28105 38673 24577 60579 61190
 12740 25322 25973 44599  6946 39700 62340 31550
 46367 65367 40306 61080 30287 13890 31085 38986
 44970 51017 24858 49395 43918 47180 47822  6125
 51707 60948 61220  8410 57474  2301  8312 24390
 45223 33438 59113 62770 50848 10198  8784 62724
 57471 61501 23520 31732 24431 57595 65032 53924
 23297 19364 57174 54709 62329 22993 29470 58883
 65282 44983 56473 50595 23788 56017 23301 56049
 30189 60235 30236 26625  9361 52146 19061 19972
  3654 47009 33215 64447 29043 63548 14755 21859
 27230 19393  5644 64776  6002 26678 18267 56547
  7099 40940 20130 43702 44192  2556 39806 32345
 15362 63710 30697 41324 18893 30150 46431 59363
   435 13781 61529 15690 63877 62790 45911 12063
 24915 53572 13600  6035 55952 64599
